-1.567651589403915802e+00 -7.955976396376798903e+02
-1.564506852012935045e+00 -3.966501562343503906e+02
-1.561362114621954289e+00 -2.636685534935671171e+02
-1.558217377230973533e+00 -1.971784264372105042e+02
-1.555072639839992776e+00 -1.572848940156239337e+02
-1.551927902449012020e+00 -1.306896625008660351e+02
-1.548783165058031042e+00 -1.116934631143147385e+02
-1.545638427667050285e+00 -9.744666143357186172e+01
-1.542493690276069529e+00 -8.636612719475319011e+01
-1.539348952885088773e+00 -7.750198221341238991e+01
-1.536204215494108016e+00 -7.024975853040996299e+01
-1.533059478103127260e+00 -6.420647748484725525e+01
-1.529914740712146504e+00 -5.909315383026096669e+01
-1.526770003321165747e+00 -5.471051237244729748e+01
-1.523625265930184991e+00 -5.091241795215584176e+01
-1.520480528539204235e+00 -4.758926918427228259e+01
-1.517335791148223478e+00 -4.465725323022997628e+01
-1.514191053757242722e+00 -4.205118231295034548e+01
-1.511046316366261966e+00 -3.971959238495928446e+01
-1.507901578975280987e+00 -3.762131219606782651e+01
-1.504756841584300231e+00 -3.572301262742988115e+01
-1.501612104193319475e+00 -3.399742438903687969e+01
-1.498467366802338718e+00 -3.242202066569278429e+01
-1.495322629411357962e+00 -3.097802910149421152e+01
-1.492177892020377206e+00 -2.964968090803494505e+01
-1.489033154629396449e+00 -2.842363325533204232e+01
-1.485888417238415693e+00 -2.728852002032342128e+01
-1.482743679847434937e+00 -2.623459880354413087e+01
-1.479598942456454180e+00 -2.525347097683467368e+01
-1.476454205065473424e+00 -2.433785772150729798e+01
-1.473309467674492668e+00 -2.348141941396355392e+01
-1.470164730283511911e+00 -2.267860887650821411e+01
-1.467019992892530933e+00 -2.192455130983293898e+01
-1.463875255501550177e+00 -2.121494541388517163e+01
-1.460730518110569420e+00 -2.054598145944429177e+01
-1.457585780719588664e+00 -1.991427301443529529e+01
-1.454441043328607908e+00 -1.931679974165052371e+01
-1.451296305937627151e+00 -1.875085922840978014e+01
-1.448151568546646395e+00 -1.821402622704171037e+01
-1.445006831155665639e+00 -1.770411800929265311e+01
-1.441862093764684882e+00 -1.721916479082176821e+01
-1.438717356373704126e+00 -1.675738438076799852e+01
-1.435572618982723370e+00 -1.631716036858648877e+01
-1.432427881591742391e+00 -1.589702328540706411e+01
-1.429283144200761857e+00 -1.549563427721148301e+01
-1.426138406809780879e+00 -1.511177090759558439e+01
-1.422993669418800122e+00 -1.474431477294522708e+01
-1.419848932027819366e+00 -1.439224066571435401e+01
-1.416704194636838610e+00 -1.405460706464879728e+01
-1.413559457245857853e+00 -1.373054776618284301e+01
-1.410414719854877097e+00 -1.341926450037722240e+01
-1.407269982463896341e+00 -1.312002039886402471e+01
-1.404125245072915584e+00 -1.283213420226937451e+01
-1.400980507681934828e+00 -1.255497511125559917e+01
-1.397835770290954072e+00 -1.228795819926770960e+01
-1.394691032899973315e+00 -1.203054031677113045e+01
-1.391546295508992337e+00 -1.178221642662213142e+01
-1.388401558118011803e+00 -1.154251631853776594e+01
-1.385256820727030824e+00 -1.131100165768708976e+01
-1.382112083336050068e+00 -1.108726332842350004e+01
-1.378967345945069312e+00 -1.087091903928872405e+01
-1.375822608554088555e+00 -1.066161115979071816e+01
-1.372677871163107799e+00 -1.045900476320246675e+01
-1.369533133772127043e+00 -1.026278585284826050e+01
-1.366388396381146286e+00 -1.007265975211723052e+01
-1.363243658990165530e+00 -9.888349640839155796e+00
-1.360098921599184774e+00 -9.709595222730937891e+00
-1.356954184208204017e+00 -9.536151510421197131e+00
-1.353809446817223261e+00 -9.367787716124750474e+00
-1.350664709426242283e+00 -9.204286237402007131e+00
-1.347519972035261748e+00 -9.045441728628746958e+00
-1.344375234644280770e+00 -8.891060249843132368e+00
-1.341230497253300014e+00 -8.740958485550637036e+00
-1.338085759862319257e+00 -8.594963026868695621e+00
-1.334941022471338501e+00 -8.452909711099886536e+00
-1.331796285080357745e+00 -8.314643013443815178e+00
-1.328651547689376988e+00 -8.180015486108027645e+00
-1.325506810298396232e+00 -8.048887240564079448e+00
-1.322362072907415476e+00 -7.921125469125835927e+00
-1.319217335516434719e+00 -7.796604002409273981e+00
-1.316072598125453963e+00 -7.675202899572934001e+00
-1.312927860734473207e+00 -7.556808068540674661e+00
-1.309783123343492228e+00 -7.441310913678072403e+00
-1.306638385952511694e+00 -7.328608008634752480e+00
-1.303493648561530716e+00 -7.218600792279964651e+00
-1.300348911170549959e+00 -7.111195285852044634e+00
-1.297204173779569203e+00 -7.006301829614526966e+00
-1.294059436388588447e+00 -6.903834837467536012e+00
-1.290914698997607690e+00 -6.803712568102096014e+00
-1.287769961606626934e+00 -6.705856911410722709e+00
-1.284625224215646178e+00 -6.610193188980746370e+00
-1.281480486824665421e+00 -6.516649967598850957e+00
-1.278335749433684665e+00 -6.425158884787469660e+00
-1.275191012042703909e+00 -6.335654485477085984e+00
-1.272046274651723152e+00 -6.248074068993871855e+00
-1.268901537260742174e+00 -6.162357545610502640e+00
-1.265756799869761640e+00 -6.078447301970068217e+00
-1.262612062478780661e+00 -5.996288074749164920e+00
-1.259467325087799905e+00 -5.915826831977822664e+00
-1.256322587696819149e+00 -5.837012661480017073e+00
-1.253177850305838392e+00 -5.759796665941483873e+00
-1.250033112914857636e+00 -5.684131864149908786e+00
-1.246888375523876880e+00 -5.609973097988029345e+00
-1.243743638132896123e+00 -5.537276944792458799e+00
-1.240598900741915367e+00 -5.466001634720488056e+00
-1.237454163350934611e+00 -5.396106972794167511e+00
-1.234309425959953854e+00 -5.327554265315677107e+00
-1.231164688568973098e+00 -5.260306250370653025e+00
-1.228019951177992120e+00 -5.194327032156946800e+00
-1.224875213787011585e+00 -5.129582018895406215e+00
-1.221730476396030607e+00 -5.066037864096688104e+00
-1.218585739005049851e+00 -5.003662410974533792e+00
-1.215441001614069094e+00 -4.942424639810372611e+00
-1.212296264223088338e+00 -4.882294618088213412e+00
-1.209151526832107582e+00 -4.823243453231098599e+00
-1.206006789441126825e+00 -4.765243247782166236e+00
-1.202862052050146069e+00 -4.708267056884049673e+00
-1.199717314659165313e+00 -4.652288847920281967e+00
-1.196572577268184556e+00 -4.597283462191520620e+00
-1.193427839877203578e+00 -4.543226578507893798e+00
-1.190283102486223044e+00 -4.490094678586650012e+00
-1.187138365095242065e+00 -4.437865014151435972e+00
-1.183993627704261531e+00 -4.386515575636531494e+00
-1.180848890313280553e+00 -4.336025062405210129e+00
-1.177704152922299796e+00 -4.286372854397682453e+00
-1.174559415531319040e+00 -4.237538985128982638e+00
-1.171414678140338284e+00 -4.189504115962539466e+00
-1.168269940749357527e+00 -4.142249511589608524e+00
-1.165125203358376771e+00 -4.095757016649121951e+00
-1.161980465967396015e+00 -4.050009033426587024e+00
-1.158835728576415258e+00 -4.004988500574344634e+00
-1.155690991185434502e+00 -3.960678872799032746e+00
-1.152546253794453524e+00 -3.917064101465349335e+00
-1.149401516403472989e+00 -3.874128616068272191e+00
-1.146256779012492011e+00 -3.831857306528630769e+00
-1.143112041621511477e+00 -3.790235506269778121e+00
-1.139967304230530498e+00 -3.749248976035295389e+00
-1.136822566839549742e+00 -3.708883888410308582e+00
-1.133677829448568986e+00 -3.669126813010820776e+00
-1.130533092057588229e+00 -3.629964702307791669e+00
-1.127388354666607473e+00 -3.591384878054372898e+00
-1.124243617275626717e+00 -3.553375018286599740e+00
-1.121098879884645960e+00 -3.515923144869455896e+00
-1.117954142493665204e+00 -3.479017611561806778e+00
-1.114809405102684448e+00 -3.442647092575146228e+00
-1.111664667711703469e+00 -3.406800571602488059e+00
-1.108519930320722935e+00 -3.371467331295020742e+00
-1.105375192929741957e+00 -3.336636943165299574e+00
-1.102230455538761200e+00 -3.302299257897037599e+00
-1.099085718147780444e+00 -3.268444396042398559e+00
-1.095940980756799688e+00 -3.235062739088929717e+00
-1.092796243365818931e+00 -3.202144920879050005e+00
-1.089651505974838175e+00 -3.169681819365995690e+00
-1.086506768583857419e+00 -3.137664548690910493e+00
-1.083362031192876662e+00 -3.106084451566593518e+00
-1.080217293801895906e+00 -3.074933091954130226e+00
-1.077072556410915150e+00 -3.044202248019358237e+00
-1.073927819019934393e+00 -3.013883905356768089e+00
-1.070783081628953415e+00 -2.983970250469055063e+00
-1.067638344237972881e+00 -2.954453664491168308e+00
-1.064493606846991902e+00 -2.925326717148161393e+00
-1.061348869456011368e+00 -2.896582160936849615e+00
-1.058204132065030389e+00 -2.868212925521525847e+00
-1.055059394674049633e+00 -2.840212112334739469e+00
-1.051914657283068877e+00 -2.812572989374316101e+00
-1.048769919892088121e+00 -2.785288986188430016e+00
-1.045625182501107364e+00 -2.758353689040800916e+00
-1.042480445110126608e+00 -2.731760836248527724e+00
-1.039335707719145852e+00 -2.705504313685401119e+00
-1.036190970328164873e+00 -2.679578150443885587e+00
-1.033046232937184339e+00 -2.653976514649281526e+00
-1.029901495546203360e+00 -2.628693709419842595e+00
-1.026756758155222826e+00 -2.603724168967009422e+00
-1.023612020764241848e+00 -2.579062454830028273e+00
-1.020467283373261314e+00 -2.554703252239686417e+00
-1.017322545982280335e+00 -2.530641366605919540e+00
-1.014177808591299579e+00 -2.506871720124497660e+00
-1.011033071200318822e+00 -2.483389348498015625e+00
-1.007888333809338066e+00 -2.460189397766782360e+00
-1.004743596418357310e+00 -2.437267121245300761e+00
-1.001598859027376553e+00 -2.414617876560269938e+00
-9.984541216363957972e-01 -2.392237122786197379e+00
-9.953093842454149298e-01 -2.370120417674892010e+00
-9.921646468544341735e-01 -2.348263414975265917e+00
-9.890199094634534172e-01 -2.326661861840018553e+00
-9.858751720724726608e-01 -2.305311596315956724e+00
-9.827304346814919045e-01 -2.284208544914789751e+00
-9.795856972905111482e-01 -2.263348720261427971e+00
-9.764409598995302808e-01 -2.242728218816897989e+00
-9.732962225085495245e-01 -2.222343218673141774e+00
-9.701514851175687681e-01 -2.202189977417040812e+00
-9.670067477265880118e-01 -2.182264830061170446e+00
-9.638620103356072555e-01 -2.162564187038839680e+00
-9.607172729446264992e-01 -2.143084532261116060e+00
-9.575725355536457428e-01 -2.123822421233591218e+00
-9.544277981626648755e-01 -2.104774479230772766e+00
-9.512830607716841191e-01 -2.085937399526042846e+00
-9.481383233807033628e-01 -2.067307941675217808e+00
-9.449935859897226065e-01 -2.048882929851835843e+00
-9.418488485987418501e-01 -2.030659251232346030e+00
-9.387041112077610938e-01 -2.012633854429474844e+00
-9.355593738167802265e-01 -1.994803747972089258e+00
-9.324146364257994701e-01 -1.977165998829965687e+00
-9.292698990348187138e-01 -1.959717730981907158e+00
-9.261251616438379575e-01 -1.942456124025745856e+00
-9.229804242528572011e-01 -1.925378411828796210e+00
-9.198356868618764448e-01 -1.908481881217394927e+00
-9.166909494708956885e-01 -1.891763870704212147e+00
-9.135462120799148211e-01 -1.875221769252067183e+00
-9.104014746889340648e-01 -1.858853015073037351e+00
-9.072567372979533085e-01 -1.842655094461675969e+00
-9.041119999069725521e-01 -1.826625540661232394e+00
-9.009672625159917958e-01 -1.810761932761771442e+00
-8.978225251250110395e-01 -1.795061894629161880e+00
-8.946777877340301721e-01 -1.779523093863918382e+00
-8.915330503430494158e-01 -1.764143240788941025e+00
-8.883883129520686595e-01 -1.748920087465205331e+00
-8.852435755610879031e-01 -1.733851426734521528e+00
-8.820988381701071468e-01 -1.718935091288484207e+00
-8.789541007791263905e-01 -1.704168952762789235e+00
-8.758093633881455231e-01 -1.689550920856105254e+00
-8.726646259971647668e-01 -1.675078942472735033e+00
-8.695198886061840104e-01 -1.660751000888308626e+00
-8.663751512152032541e-01 -1.646565114937801999e+00
-8.632304138242224978e-01 -1.632519338225171923e+00
-8.600856764332417415e-01 -1.618611758353951879e+00
-8.569409390422609851e-01 -1.604840496178150611e+00
-8.537962016512801178e-01 -1.591203705072835595e+00
-8.506514642602993614e-01 -1.577699570223803027e+00
-8.475067268693186051e-01 -1.564326307935743898e+00
-8.443619894783378488e-01 -1.551082164958353271e+00
-8.412172520873570924e-01 -1.537965417829839865e+00
-8.380725146963763361e-01 -1.524974372237309916e+00
-8.349277773053954688e-01 -1.512107362393529053e+00
-8.317830399144147124e-01 -1.499362750429558577e+00
-8.286383025234339561e-01 -1.486738925802810973e+00
-8.254935651324531998e-01 -1.474234304720062338e+00
-8.223488277414724434e-01 -1.461847329574982091e+00
-8.192040903504916871e-01 -1.449576468399752516e+00
-8.160593529595108198e-01 -1.437420214330371815e+00
-8.129146155685300634e-01 -1.425377085085243190e+00
-8.097698781775493071e-01 -1.413445622456654949e+00
-8.066251407865685508e-01 -1.401624391814798365e+00
-8.034804033955877944e-01 -1.389911981623947357e+00
-8.003356660046070381e-01 -1.378307002970460715e+00
-7.971909286136262818e-01 -1.366808089102266699e+00
-7.940461912226454144e-01 -1.355413894979509815e+00
-7.909014538316646581e-01 -1.344123096836037812e+00
-7.877567164406839018e-01 -1.332934391751426251e+00
-7.846119790497031454e-01 -1.321846497233249540e+00
-7.814672416587223891e-01 -1.310858150809308675e+00
-7.783225042677416328e-01 -1.299968109629537683e+00
-7.751777668767607654e-01 -1.289175150077324750e+00
-7.720330294857800091e-01 -1.278478067389989148e+00
-7.688882920947992528e-01 -1.267875675288152815e+00
-7.657435547038184964e-01 -1.257366805613778338e+00
-7.625988173128377401e-01 -1.246950307976625982e+00
-7.594540799218569838e-01 -1.236625049408903498e+00
-7.563093425308762274e-01 -1.226389914027891770e+00
-7.531646051398953601e-01 -1.216243802706322485e+00
-7.500198677489146037e-01 -1.206185632750313319e+00
-7.468751303579338474e-01 -1.196214337584642573e+00
-7.437303929669530911e-01 -1.186328866445180097e+00
-7.405856555759723348e-01 -1.176528184078279970e+00
-7.374409181849915784e-01 -1.166811270446951099e+00
-7.342961807940107111e-01 -1.157177120443625862e+00
-7.311514434030299547e-01 -1.147624743609358511e+00
-7.280067060120491984e-01 -1.138153163859278783e+00
-7.248619686210684421e-01 -1.128761419214142636e+00
-7.217172312300876857e-01 -1.119448561537820019e+00
-7.185724938391069294e-01 -1.110213656280567340e+00
-7.154277564481261731e-01 -1.101055782227933433e+00
-7.122830190571453057e-01 -1.091974031255155797e+00
-7.091382816661645494e-01 -1.082967508086908559e+00
-7.059935442751837931e-01 -1.074035330062262039e+00
-7.028488068842030367e-01 -1.065176626904723367e+00
-6.997040694932222804e-01 -1.056390540497231134e+00
-6.965593321022415241e-01 -1.047676224661977518e+00
-6.934145947112606567e-01 -1.039032844944935308e+00
-6.902698573202799004e-01 -1.030459578404975707e+00
-6.871251199292991441e-01 -1.021955613407458774e+00
-6.839803825383183877e-01 -1.013520149422187933e+00
-6.808356451473376314e-01 -1.005152396825617744e+00
-6.776909077563568751e-01 -9.968515767072140266e-01
-6.745461703653760077e-01 -9.886169206798598452e-01
-6.714014329743952514e-01 -9.804476706942107933e-01
-6.682566955834144951e-01 -9.723430788569018546e-01
-6.651119581924337387e-01 -9.643024072525128165e-01
-6.619672208014529824e-01 -9.563249277692019712e-01
-6.588224834104722261e-01 -9.484099219279147341e-01
-6.556777460194914697e-01 -9.405566807150900210e-01
-6.525330086285106024e-01 -9.327645044187681256e-01
-6.493882712375298460e-01 -9.250327024680320420e-01
-6.462435338465490897e-01 -9.173605932756897507e-01
-6.430987964555683334e-01 -9.097475040841320748e-01
-6.399540590645875771e-01 -9.021927708142808422e-01
-6.368093216736068207e-01 -8.946957379175621838e-01
-6.336645842826259534e-01 -8.872557582308280288e-01
-6.305198468916451970e-01 -8.798721928341614040e-01
-6.273751095006644407e-01 -8.725444109114928182e-01
-6.242303721096836844e-01 -8.652717896139662246e-01
-6.210856347187029280e-01 -8.580537139259900581e-01
-6.179408973277221717e-01 -8.508895765339095085e-01
-6.147961599367413044e-01 -8.437787776972405229e-01
-6.116514225457605480e-01 -8.367207251224065834e-01
-6.085066851547797917e-01 -8.297148338389193079e-01
-6.053619477637990354e-01 -8.227605260779511376e-01
-6.022172103728182790e-01 -8.158572311532390486e-01
-5.990724729818375227e-01 -8.090043853442731026e-01
-5.959277355908567664e-01 -8.022014317817121043e-01
-5.927829981998758990e-01 -7.954478203349802934e-01
-5.896382608088951427e-01 -7.887430075019945530e-01
-5.864935234179143864e-01 -7.820864563009719550e-01
-5.833487860269336300e-01 -7.754776361642753413e-01
-5.802040486359528737e-01 -7.689160228342480918e-01
-5.770593112449721174e-01 -7.624010982609954468e-01
-5.739145738539912500e-01 -7.559323505020674183e-01
-5.707698364630104937e-01 -7.495092736240043241e-01
-5.676250990720297374e-01 -7.431313676056990891e-01
-5.644803616810489810e-01 -7.367981382435427884e-01
-5.613356242900682247e-01 -7.305090970583068000e-01
-5.581908868990874684e-01 -7.242637612037304828e-01
-5.550461495081067120e-01 -7.180616533767719689e-01
-5.519014121171259557e-01 -7.119023017294897615e-01
-5.487566747261451994e-01 -7.057852397825157276e-01
-5.456119373351644430e-01 -6.997100063400900627e-01
-5.424671999441834647e-01 -6.936761454066195931e-01
-5.393224625532027083e-01 -6.876832061047308819e-01
-5.361777251622219520e-01 -6.817307425947807253e-01
-5.330329877712411957e-01 -6.758183139957999463e-01
-5.298882503802604393e-01 -6.699454843078338495e-01
-5.267435129892796830e-01 -6.641118223356530237e-01
-5.235987755982989267e-01 -6.583169016138031848e-01
-5.204540382073181704e-01 -6.525603003329671914e-01
-5.173093008163374140e-01 -6.468416012676116988e-01
-5.141645634253566577e-01 -6.411603917048909196e-01
-5.110198260343759014e-01 -6.355162633747792889e-01
-5.078750886433951450e-01 -6.299088123814109430e-01
-5.047303512524143887e-01 -6.243376391355986987e-01
-5.015856138614334103e-01 -6.188023482885064430e-01
-4.984408764704526540e-01 -6.133025486664555048e-01
-4.952961390794718977e-01 -6.078378532068345885e-01
-4.921514016884911413e-01 -6.024078788950985031e-01
-4.890066642975103850e-01 -5.970122467028272650e-01
-4.858619269065296287e-01 -5.916505815268245927e-01
-4.827171895155488723e-01 -5.863225121292386932e-01
-4.795724521245681160e-01 -5.810276710786780319e-01
-4.764277147335873597e-01 -5.757656946923059849e-01
-4.732829773426066033e-01 -5.705362229788948358e-01
-4.701382399516258470e-01 -5.653388995828151353e-01
-4.669935025606450907e-01 -5.601733717289479886e-01
-4.638487651696641123e-01 -5.550392901684941815e-01
-4.607040277786833560e-01 -5.499363091256698199e-01
-4.575592903877025996e-01 -5.448640862452630573e-01
-4.544145529967218433e-01 -5.398222825410401438e-01
-4.512698156057410870e-01 -5.348105623449814772e-01
-4.481250782147603307e-01 -5.298285932573308932e-01
-4.449803408237795743e-01 -5.248760460974428721e-01
-4.418356034327988180e-01 -5.199525948554102328e-01
-4.386908660418180617e-01 -5.150579166444591017e-01
-4.355461286508373053e-01 -5.101916916540931712e-01
-4.324013912598565490e-01 -5.053536031039748133e-01
-4.292566538688757927e-01 -5.005433371985266167e-01
-4.261119164778950363e-01 -4.957605830822402471e-01
-4.229671790869140580e-01 -4.910050327956779204e-01
-4.198224416959333016e-01 -4.862763812321549417e-01
-4.166777043049525453e-01 -4.815743260950848259e-01
-4.135329669139717890e-01 -4.768985678559804486e-01
-4.103882295229910326e-01 -4.722488097130940199e-01
-4.072434921320102763e-01 -4.676247575506851661e-01
-4.040987547410295200e-01 -4.630261198989032989e-01
-4.009540173500487636e-01 -4.584526078942748883e-01
-3.978092799590680073e-01 -4.539039352407808203e-01
-3.946645425680872510e-01 -4.493798181715148443e-01
-3.915198051771064947e-01 -4.448799754109106219e-01
-3.883750677861257383e-01 -4.404041281375264960e-01
-3.852303303951449820e-01 -4.359519999473767671e-01
-3.820855930041640036e-01 -4.315233168178003176e-01
-3.789408556131832473e-01 -4.271178070718553710e-01
-3.757961182222024910e-01 -4.227352013432279509e-01
-3.726513808312217346e-01 -4.183752325416498219e-01
-3.695066434402409783e-01 -4.140376358188095907e-01
-3.663619060492602220e-01 -4.097221485347523062e-01
-3.632171686582794656e-01 -4.054285102247554007e-01
-3.600724312672987093e-01 -4.011564625666735884e-01
-3.569276938763179530e-01 -3.969057493487423982e-01
-3.537829564853371966e-01 -3.926761164378317348e-01
-3.506382190943564403e-01 -3.884673117481423632e-01
-3.474934817033756840e-01 -3.842790852103347699e-01
-3.443487443123949276e-01 -3.801111887410830725e-01
-3.412040069214139493e-01 -3.759633762130461521e-01
-3.380592695304331929e-01 -3.718354034252481233e-01
-3.349145321394524366e-01 -3.677270280738580976e-01
-3.317697947484716803e-01 -3.636380097233657405e-01
-3.286250573574909239e-01 -3.595681097781409652e-01
-3.254803199665101676e-01 -3.555170914543732130e-01
-3.223355825755294113e-01 -3.514847197523819911e-01
-3.191908451845486550e-01 -3.474707614292904534e-01
-3.160461077935678986e-01 -3.434749849720579729e-01
-3.129013704025871423e-01 -3.394971605708621554e-01
-3.097566330116063860e-01 -3.355370600928247460e-01
-3.066118956206256296e-01 -3.315944570560745430e-01
-3.034671582296448733e-01 -3.276691266041421025e-01
-3.003224208386638949e-01 -3.237608454806769620e-01
-2.971776834476831386e-01 -3.198693920044854977e-01
-2.940329460567023823e-01 -3.159945460448780330e-01
-2.908882086657216259e-01 -3.121360889973248121e-01
-2.877434712747408696e-01 -3.082938037594099012e-01
-2.845987338837601133e-01 -3.044674747070816867e-01
-2.814539964927793569e-01 -3.006568876711901428e-01
-2.783092591017986006e-01 -2.968618299143089279e-01
-2.751645217108178443e-01 -2.930820901078340368e-01
-2.720197843198370879e-01 -2.893174583093556795e-01
-2.688750469288563316e-01 -2.855677259402968904e-01
-2.657303095378755753e-01 -2.818326857638142613e-01
-2.625855721468948190e-01 -2.781121318629549699e-01
-2.594408347559138406e-01 -2.744058596190662724e-01
-2.562960973649330843e-01 -2.707136656904523542e-01
-2.531513599739523279e-01 -2.670353479912711547e-01
-2.500066225829715716e-01 -2.633707056706708349e-01
-2.468618851919908153e-01 -2.597195390921578917e-01
-2.437171478010100589e-01 -2.560816498131932017e-01
-2.405724104100293026e-01 -2.524568405650118308e-01
-2.374276730190485463e-01 -2.488449152326621672e-01
-2.342829356280677899e-01 -2.452456788352587735e-01
-2.311381982370870336e-01 -2.416589375064473466e-01
-2.279934608461062773e-01 -2.380844984750739579e-01
-2.248487234551255209e-01 -2.345221700460578262e-01
-2.217039860641445426e-01 -2.309717615814609049e-01
-2.185592486731637862e-01 -2.274330834817531455e-01
-2.154145112821830299e-01 -2.239059471672646129e-01
-2.122697738912022736e-01 -2.203901650598266704e-01
-2.091250365002215172e-01 -2.168855505645938264e-01
-2.059802991092407609e-01 -2.133919180520443271e-01
-2.028355617182600046e-01 -2.099090828401551923e-01
-1.996908243272792483e-01 -2.064368611767485873e-01
-1.965460869362984919e-01 -2.029750702220054492e-01
-1.934013495453177356e-01 -1.995235280311424553e-01
-1.902566121543369793e-01 -1.960820535372502504e-01
-1.871118747633562229e-01 -1.926504665342875788e-01
-1.839671373723754666e-01 -1.892285876602293471e-01
-1.808223999813944882e-01 -1.858162383803644013e-01
-1.776776625904137319e-01 -1.824132409707411029e-01
-1.745329251994329756e-01 -1.790194185017542627e-01
-1.713881878084522192e-01 -1.756345948218744624e-01
-1.682434504174714629e-01 -1.722585945415133490e-01
-1.650987130264907066e-01 -1.688912430170231571e-01
-1.619539756355099502e-01 -1.655323663348269303e-01
-1.588092382445291939e-01 -1.621817912956764196e-01
-1.556645008535484376e-01 -1.588393453990353810e-01
-1.525197634625676812e-01 -1.555048568275836374e-01
-1.493750260715869249e-01 -1.521781544318407398e-01
-1.462302886806061686e-01 -1.488590677149054242e-01
-1.430855512896254123e-01 -1.455474268173077290e-01
-1.399408138986444339e-01 -1.422430625019718842e-01
-1.367960765076636775e-01 -1.389458061392867261e-01
-1.336513391166829212e-01 -1.356554896922795295e-01
-1.305066017257021649e-01 -1.323719457018931456e-01
-1.273618643347214086e-01 -1.290950072723620057e-01
-1.242171269437406522e-01 -1.258245080566843810e-01
-1.210723895527598959e-01 -1.225602822421884008e-01
-1.179276521617791396e-01 -1.193021645361899002e-01
-1.147829147707983832e-01 -1.160499901517385440e-01
-1.116381773798176269e-01 -1.128035947934500349e-01
-1.084934399888368706e-01 -1.095628146434221017e-01
-1.053487025978561142e-01 -1.063274863472314369e-01
-1.022039652068753579e-01 -1.030974470000091125e-01
-9.905922781589437953e-02 -9.987253413259204737e-02
-9.591449042491362320e-02 -9.665258569774909381e-02
-9.276975303393286687e-02 -9.343744005647613982e-02
-8.962501564295211054e-02 -9.022693596436240360e-02
-8.648027825197135421e-02 -8.702091255802178738e-02
-8.333554086099059788e-02 -8.381920934158886005e-02
-8.019080347000984155e-02 -8.062166617327629070e-02
-7.704606607902908522e-02 -7.742812325199184553e-02
-7.390132868804832889e-02 -7.423842110401250582e-02
-7.075659129706757255e-02 -7.105240056971325047e-02
-6.761185390608681622e-02 -6.786990279034856022e-02
-6.446711651510605989e-02 -6.469076919488404853e-02
-6.132237912412508152e-02 -6.151484148687599157e-02
-5.817764173314432519e-02 -5.834196163139775126e-02
-5.503290434216356886e-02 -5.517197184200747784e-02
-5.188816695118281253e-02 -5.200471456775959678e-02
-4.874342956020205619e-02 -4.884003248025409888e-02
-4.559869216922129986e-02 -4.567776846072336278e-02
-4.245395477824054353e-02 -4.251776558715357479e-02
-3.930921738725978720e-02 -3.935986712143883792e-02
-3.616447999627903087e-02 -3.620391649656599931e-02
-3.301974260529827454e-02 -3.304975730382759408e-02
-2.987500521431751821e-02 -2.989723328006116052e-02
-2.673026782333676188e-02 -2.674618829491272332e-02
-2.358553043235600555e-02 -2.359646633812213443e-02
-2.044079304137502717e-02 -2.044791150682814460e-02
-1.729605565039427084e-02 -1.730036799289238689e-02
-1.415131825941351451e-02 -1.415368007023674359e-02
-1.100658086843275818e-02 -1.100769208219654245e-02
-7.861843477452001849e-03 -7.862248428884111018e-03
-4.717106086471245519e-03 -4.717193554561939506e-03
-1.572368695490489188e-03 -1.572371935023133280e-03
1.572368695490267143e-03 1.572371935022911235e-03
4.717106086471023474e-03 4.717193554561717461e-03
7.861843477451779805e-03 7.862248428883888973e-03
1.100658086843253614e-02 1.100769208219632041e-02
1.415131825941329247e-02 1.415368007023652154e-02
1.729605565039404880e-02 1.730036799289216484e-02
2.044079304137502717e-02 2.044791150682814460e-02
2.358553043235578350e-02 2.359646633812191238e-02
2.673026782333653983e-02 2.674618829491250127e-02
2.987500521431729616e-02 2.989723328006093847e-02
3.301974260529805250e-02 3.304975730382737203e-02
3.616447999627880883e-02 3.620391649656577726e-02
3.930921738725956516e-02 3.935986712143861588e-02
4.245395477824032149e-02 4.251776558715335275e-02
4.559869216922107782e-02 4.567776846072314073e-02
4.874342956020183415e-02 4.884003248025387683e-02
5.188816695118259048e-02 5.200471456775936779e-02
5.503290434216334681e-02 5.517197184200725579e-02
5.817764173314410314e-02 5.834196163139752922e-02
6.132237912412508152e-02 6.151484148687599157e-02
6.446711651510583785e-02 6.469076919488382649e-02
6.761185390608659418e-02 6.786990279034832430e-02
7.075659129706735051e-02 7.105240056971302842e-02
7.390132868804810684e-02 7.423842110401228378e-02
7.704606607902886317e-02 7.742812325199162349e-02
8.019080347000961950e-02 8.062166617327606866e-02
8.333554086099037583e-02 8.381920934158863801e-02
8.648027825197113216e-02 8.702091255802156533e-02
8.962501564295188849e-02 9.022693596436216767e-02
9.276975303393264483e-02 9.343744005647591777e-02
9.591449042491340116e-02 9.665258569774887176e-02
9.905922781589415749e-02 9.987253413259182533e-02
1.022039652068751359e-01 1.030974470000088905e-01
1.053487025978558922e-01 1.063274863472312148e-01
1.084934399888366485e-01 1.095628146434218797e-01
1.116381773798174049e-01 1.128035947934498129e-01
1.147829147707981612e-01 1.160499901517382942e-01
1.179276521617789175e-01 1.193021645361896782e-01
1.210723895527596738e-01 1.225602822421881788e-01
1.242171269437404302e-01 1.258245080566841589e-01
1.273618643347211865e-01 1.290950072723617836e-01
1.305066017257019428e-01 1.323719457018928958e-01
1.336513391166826992e-01 1.356554896922792519e-01
1.367960765076634555e-01 1.389458061392865040e-01
1.399408138986442118e-01 1.422430625019716621e-01
1.430855512896251902e-01 1.455474268173075070e-01
1.462302886806059465e-01 1.488590677149051467e-01
1.493750260715867029e-01 1.521781544318405177e-01
1.525197634625674592e-01 1.555048568275833876e-01
1.556645008535482155e-01 1.588393453990351589e-01
1.588092382445289719e-01 1.621817912956761976e-01
1.619539756355097282e-01 1.655323663348266250e-01
1.650987130264904845e-01 1.688912430170229351e-01
1.682434504174712409e-01 1.722585945415131270e-01
1.713881878084519972e-01 1.756345948218742403e-01
1.745329251994327535e-01 1.790194185017540129e-01
1.776776625904135098e-01 1.824132409707408531e-01
1.808223999813944882e-01 1.858162383803644013e-01
1.839671373723752446e-01 1.892285876602291250e-01
1.871118747633560009e-01 1.926504665342873568e-01
1.902566121543367572e-01 1.960820535372500284e-01
1.934013495453175135e-01 1.995235280311422055e-01
1.965460869362982699e-01 2.029750702220051994e-01
1.996908243272790262e-01 2.064368611767483652e-01
2.028355617182597825e-01 2.099090828401549147e-01
2.059802991092405389e-01 2.133919180520440495e-01
2.091250365002212952e-01 2.168855505645935766e-01
2.122697738912020515e-01 2.203901650598263928e-01
2.154145112821828079e-01 2.239059471672643353e-01
2.185592486731635642e-01 2.274330834817529234e-01
2.217039860641445426e-01 2.309717615814609049e-01
2.248487234551252989e-01 2.345221700460575487e-01
2.279934608461060552e-01 2.380844984750737359e-01
2.311381982370868116e-01 2.416589375064471246e-01
2.342829356280675679e-01 2.452456788352585515e-01
2.374276730190483242e-01 2.488449152326618896e-01
2.405724104100290806e-01 2.524568405650116087e-01
2.437171478010098369e-01 2.560816498131929242e-01
2.468618851919905932e-01 2.597195390921576141e-01
2.500066225829713495e-01 2.633707056706705574e-01
2.531513599739521059e-01 2.670353479912708772e-01
2.562960973649328622e-01 2.707136656904521321e-01
2.594408347559136185e-01 2.744058596190659949e-01
2.625855721468945969e-01 2.781121318629546924e-01
2.657303095378753532e-01 2.818326857638139282e-01
2.688750469288561096e-01 2.855677259402966683e-01
2.720197843198368659e-01 2.893174583093552910e-01
2.751645217108176222e-01 2.930820901078337037e-01
2.783092591017983786e-01 2.968618299143087058e-01
2.814539964927791349e-01 3.006568876711899208e-01
2.845987338837598912e-01 3.044674747070814647e-01
2.877434712747406476e-01 3.082938037594096792e-01
2.908882086657214039e-01 3.121360889973244790e-01
2.940329460567021602e-01 3.159945460448778110e-01
2.971776834476829166e-01 3.198693920044852201e-01
3.003224208386636729e-01 3.237608454806766844e-01
3.034671582296446513e-01 3.276691266041418804e-01
3.066118956206254076e-01 3.315944570560743210e-01
3.097566330116061639e-01 3.355370600928243574e-01
3.129013704025869202e-01 3.394971605708619333e-01
3.160461077935676766e-01 3.434749849720577508e-01
3.191908451845484329e-01 3.474707614292901203e-01
3.223355825755291892e-01 3.514847197523817135e-01
3.254803199665099456e-01 3.555170914543729910e-01
3.286250573574907019e-01 3.595681097781406321e-01
3.317697947484714582e-01 3.636380097233654074e-01
3.349145321394522146e-01 3.677270280738578756e-01
3.380592695304329709e-01 3.718354034252478457e-01
3.412040069214139493e-01 3.759633762130461521e-01
3.443487443123947056e-01 3.801111887410827950e-01
3.474934817033754619e-01 3.842790852103344923e-01
3.506382190943562183e-01 3.884673117481421412e-01
3.537829564853369746e-01 3.926761164378313462e-01
3.569276938763177309e-01 3.969057493487420651e-01
3.600724312672984873e-01 4.011564625666733663e-01
3.632171686582792436e-01 4.054285102247551231e-01
3.663619060492599999e-01 4.097221485347519732e-01
3.695066434402407562e-01 4.140376358188092576e-01
3.726513808312215126e-01 4.183752325416495443e-01
3.757961182222022689e-01 4.227352013432277289e-01
3.789408556131830252e-01 4.271178070718550379e-01
3.820855930041640036e-01 4.315233168178003176e-01
3.852303303951447599e-01 4.359519999473765450e-01
3.883750677861255163e-01 4.404041281375261629e-01
3.915198051771062726e-01 4.448799754109103999e-01
3.946645425680870289e-01 4.493798181715144557e-01
3.978092799590677853e-01 4.539039352407803762e-01
4.009540173500485416e-01 4.584526078942745553e-01
4.040987547410292979e-01 4.630261198989030769e-01
4.072434921320100543e-01 4.676247575506848331e-01
4.103882295229908106e-01 4.722488097130937978e-01
4.135329669139715669e-01 4.768985678559800601e-01
4.166777043049523233e-01 4.815743260950844928e-01
4.198224416959330796e-01 4.862763812321546086e-01
4.229671790869140580e-01 4.910050327956779204e-01
4.261119164778948143e-01 4.957605830822398585e-01
4.292566538688755706e-01 5.005433371985262836e-01
4.324013912598561049e-01 5.053536031039741472e-01
4.355461286508370833e-01 5.101916916540928382e-01
4.386908660418176176e-01 5.150579166444583246e-01
4.418356034327985959e-01 5.199525948554098997e-01
4.449803408237795743e-01 5.248760460974428721e-01
4.481250782147601086e-01 5.298285932573306711e-01
4.512698156057410870e-01 5.348105623449814772e-01
4.544145529967216213e-01 5.398222825410398107e-01
4.575592903877025996e-01 5.448640862452630573e-01
4.607040277786831339e-01 5.499363091256694869e-01
4.638487651696641123e-01 5.550392901684941815e-01
4.669935025606446466e-01 5.601733717289473224e-01
4.701382399516256250e-01 5.653388995828149133e-01
4.732829773426061593e-01 5.705362229788940587e-01
4.764277147335871376e-01 5.757656946923057628e-01
4.795724521245676719e-01 5.810276710786772547e-01
4.827171895155486503e-01 5.863225121292384712e-01
4.858619269065296287e-01 5.916505815268245927e-01
4.890066642975101630e-01 5.970122467028267099e-01
4.921514016884911413e-01 6.024078788950985031e-01
4.952961390794716756e-01 6.078378532068342555e-01
4.984408764704526540e-01 6.133025486664555048e-01
5.015856138614331883e-01 6.188023482885061100e-01
5.047303512524141667e-01 6.243376391355983657e-01
5.078750886433947009e-01 6.299088123814101658e-01
5.110198260343756793e-01 6.355162633747787337e-01
5.141645634253562136e-01 6.411603917048901424e-01
5.173093008163371920e-01 6.468416012676114768e-01
5.204540382073177263e-01 6.525603003329664142e-01
5.235987755982987046e-01 6.583169016138027407e-01
5.267435129892796830e-01 6.641118223356530237e-01
5.298882503802602173e-01 6.699454843078335164e-01
5.330329877712411957e-01 6.758183139957999463e-01
5.361777251622217300e-01 6.817307425947801702e-01
5.393224625532027083e-01 6.876832061047308819e-01
5.424671999441832426e-01 6.936761454066192600e-01
5.456119373351642210e-01 6.997100063400897296e-01
5.487566747261447553e-01 7.057852397825148394e-01
5.519014121171257337e-01 7.119023017294892064e-01
5.550461495081062679e-01 7.180616533767711918e-01
5.581908868990872463e-01 7.242637612037299277e-01
5.613356242900677806e-01 7.305090970583059118e-01
5.644803616810487590e-01 7.367981382435423443e-01
5.676250990720297374e-01 7.431313676056990891e-01
5.707698364630102716e-01 7.495092736240037690e-01
5.739145738539912500e-01 7.559323505020674183e-01
5.770593112449717843e-01 7.624010982609947806e-01
5.802040486359527627e-01 7.689160228342479808e-01
5.833487860269332970e-01 7.754776361642745641e-01
5.864935234179142753e-01 7.820864563009715109e-01
5.896382608088948096e-01 7.887430075019938869e-01
5.927829981998757880e-01 7.954478203349799603e-01
5.959277355908563223e-01 8.022014317817112161e-01
5.990724729818373007e-01 8.090043853442725474e-01
6.022172103728178350e-01 8.158572311532381605e-01
6.053619477637988133e-01 8.227605260779505825e-01
6.085066851547797917e-01 8.297148338389193079e-01
6.116514225457603260e-01 8.367207251224060283e-01
6.147961599367413044e-01 8.437787776972405229e-01
6.179408973277218386e-01 8.508895765339088424e-01
6.210856347187028170e-01 8.580537139259897250e-01
6.242303721096833513e-01 8.652717896139653364e-01
6.273751095006643297e-01 8.725444109114924851e-01
6.305198468916448640e-01 8.798721928341607379e-01
6.336645842826258423e-01 8.872557582308279178e-01
6.368093216736063766e-01 8.946957379175611846e-01
6.399540590645873550e-01 9.021927708142803981e-01
6.430987964555683334e-01 9.097475040841320748e-01
6.462435338465488677e-01 9.173605932756894177e-01
6.493882712375298460e-01 9.250327024680320420e-01
6.525330086285103803e-01 9.327645044187675705e-01
6.556777460194913587e-01 9.405566807150899100e-01
6.588224834104718930e-01 9.484099219279139570e-01
6.619672208014528714e-01 9.563249277692015271e-01
6.651119581924334057e-01 9.643024072525121504e-01
6.682566955834143840e-01 9.723430788569015215e-01
6.714014329743949183e-01 9.804476706942099051e-01
6.745461703653758967e-01 9.886169206798595122e-01
6.776909077563564310e-01 9.968515767072129163e-01
6.808356451473374094e-01 1.005152396825617078e+00
6.839803825383183877e-01 1.013520149422187933e+00
6.871251199292989220e-01 1.021955613407458330e+00
6.902698573202799004e-01 1.030459578404975707e+00
6.934145947112604347e-01 1.039032844944934419e+00
6.965593321022414131e-01 1.047676224661977074e+00
6.997040694932219473e-01 1.056390540497230246e+00
7.028488068842029257e-01 1.065176626904722701e+00
7.059935442751834600e-01 1.074035330062261151e+00
7.091382816661644384e-01 1.082967508086908337e+00
7.122830190571449727e-01 1.091974031255154465e+00
7.154277564481259510e-01 1.101055782227932767e+00
7.185724938391064853e-01 1.110213656280566008e+00
7.217172312300874637e-01 1.119448561537819131e+00
7.248619686210684421e-01 1.128761419214142636e+00
7.280067060120489764e-01 1.138153163859278116e+00
7.311514434030299547e-01 1.147624743609358511e+00
7.342961807940104890e-01 1.157177120443624974e+00
7.374409181849914674e-01 1.166811270446950655e+00
7.405856555759720017e-01 1.176528184078279082e+00
7.437303929669529801e-01 1.186328866445179875e+00
7.468751303579335143e-01 1.196214337584641685e+00
7.500198677489144927e-01 1.206185632750313097e+00
7.531646051398950270e-01 1.216243802706321375e+00
7.563093425308760054e-01 1.226389914027890882e+00
7.594540799218565397e-01 1.236625049408902388e+00
7.625988173128375180e-01 1.246950307976625094e+00
7.657435547038184964e-01 1.257366805613778338e+00
7.688882920947990307e-01 1.267875675288152149e+00
7.720330294857800091e-01 1.278478067389989148e+00
7.751777668767605434e-01 1.289175150077324083e+00
7.783225042677415217e-01 1.299968109629537238e+00
7.814672416587220560e-01 1.310858150809307565e+00
7.846119790497030344e-01 1.321846497233249096e+00
7.877567164406835687e-01 1.332934391751424918e+00
7.909014538316645471e-01 1.344123096836037590e+00
7.940461912226450814e-01 1.355413894979508704e+00
7.971909286136260597e-01 1.366808089102265811e+00
8.003356660046065940e-01 1.378307002970458939e+00
8.034804033955875724e-01 1.389911981623946691e+00
8.066251407865685508e-01 1.401624391814798365e+00
8.097698781775490851e-01 1.413445622456654283e+00
8.129146155685300634e-01 1.425377085085243190e+00
8.160593529595105977e-01 1.437420214330370927e+00
8.192040903504915761e-01 1.449576468399752072e+00
8.223488277414721104e-01 1.461847329574980536e+00
8.254935651324530888e-01 1.474234304720061894e+00
8.286383025234336230e-01 1.486738925802809419e+00
8.317830399144146014e-01 1.499362750429558133e+00
8.349277773053951357e-01 1.512107362393527943e+00
8.380725146963761141e-01 1.524974372237309250e+00
8.412172520873566484e-01 1.537965417829837422e+00
8.443619894783376267e-01 1.551082164958352383e+00
8.475067268693186051e-01 1.564326307935743898e+00
8.506514642602991394e-01 1.577699570223802361e+00
8.537962016512801178e-01 1.591203705072835595e+00
8.569409390422606521e-01 1.604840496178148834e+00
8.600856764332416304e-01 1.618611758353951435e+00
8.632304138242221647e-01 1.632519338225170369e+00
8.663751512152031431e-01 1.646565114937801333e+00
8.695198886061836774e-01 1.660751000888307516e+00
8.726646259971646558e-01 1.675078942472734145e+00
8.758093633881451900e-01 1.689550920856103700e+00
8.789541007791261684e-01 1.704168952762788347e+00
8.820988381701067027e-01 1.718935091288481987e+00
8.852435755610876811e-01 1.733851426734519974e+00
8.883883129520686595e-01 1.748920087465205331e+00
8.915330503430491937e-01 1.764143240788939471e+00
8.946777877340301721e-01 1.779523093863918382e+00
8.978225251250107064e-01 1.795061894629160104e+00
9.009672625159916848e-01 1.810761932761770554e+00
9.041119999069722191e-01 1.826625540661230396e+00
9.072567372979531974e-01 1.842655094461675525e+00
9.104014746889337317e-01 1.858853015073035797e+00
9.135462120799147101e-01 1.875221769252066739e+00
9.166909494708952444e-01 1.891763870704209927e+00
9.198356868618762228e-01 1.908481881217393594e+00
9.229804242528567571e-01 1.925378411828793546e+00
9.261251616438377354e-01 1.942456124025744968e+00
9.292698990348187138e-01 1.959717730981907158e+00
9.324146364257992481e-01 1.977165998829964577e+00
9.355593738167802265e-01 1.994803747972089258e+00
9.387041112077607607e-01 2.012633854429473068e+00
9.418488485987417391e-01 2.030659251232345142e+00
9.449935859897222734e-01 2.048882929851833623e+00
9.481383233807032518e-01 2.067307941675217364e+00
9.512830607716837861e-01 2.085937399526040625e+00
9.544277981626647644e-01 2.104774479230772322e+00
9.575725355536452987e-01 2.123822421233588553e+00
9.607172729446262771e-01 2.143084532261114727e+00
9.638620103356068114e-01 2.162564187038837460e+00
9.670067477265877898e-01 2.182264830061169114e+00
9.701514851175687681e-01 2.202189977417040812e+00
9.732962225085493024e-01 2.222343218673140885e+00
9.764409598995302808e-01 2.242728218816897989e+00
9.795856972905108151e-01 2.263348720261425751e+00
9.827304346814917935e-01 2.284208544914789307e+00
9.858751720724723278e-01 2.305311596315954503e+00
9.890199094634533061e-01 2.326661861840018108e+00
9.921646468544338404e-01 2.348263414975263252e+00
9.953093842454148188e-01 2.370120417674891566e+00
9.984541216363953531e-01 2.392237122786194270e+00
1.001598859027376331e+00 2.414617876560268162e+00
1.004743596418356866e+00 2.437267121245297208e+00
1.007888333809337844e+00 2.460189397766780584e+00
1.011033071200318822e+00 2.483389348498015625e+00
1.014177808591299357e+00 2.506871720124495884e+00
1.017322545982280335e+00 2.530641366605919540e+00
1.020467283373260869e+00 2.554703252239682865e+00
1.023612020764241848e+00 2.579062454830028273e+00
1.026756758155222382e+00 2.603724168967005870e+00
1.029901495546203360e+00 2.628693709419842595e+00
1.033046232937183895e+00 2.653976514649278418e+00
1.036190970328164873e+00 2.679578150443885587e+00
1.039335707719145407e+00 2.705504313685397566e+00
1.042480445110126386e+00 2.731760836248525948e+00
1.045625182501106920e+00 2.758353689040796919e+00
1.048769919892087898e+00 2.785288986188428240e+00
1.051914657283068877e+00 2.812572989374316101e+00
1.055059394674049411e+00 2.840212112334737249e+00
1.058204132065030389e+00 2.868212925521525847e+00
1.061348869456010924e+00 2.896582160936845618e+00
1.064493606846991902e+00 2.925326717148161393e+00
1.067638344237972436e+00 2.954453664491163867e+00
1.070783081628953415e+00 2.983970250469055063e+00
1.073927819019933949e+00 3.013883905356763648e+00
1.077072556410914927e+00 3.044202248019356460e+00
1.080217293801895462e+00 3.074933091954125786e+00
1.083362031192876440e+00 3.106084451566591298e+00
1.086506768583857419e+00 3.137664548690910493e+00
1.089651505974837953e+00 3.169681819365993469e+00
1.092796243365818931e+00 3.202144920879050005e+00
1.095940980756799465e+00 3.235062739088927497e+00
1.099085718147780444e+00 3.268444396042398559e+00
1.102230455538760978e+00 3.302299257897034934e+00
1.105375192929741957e+00 3.336636943165299574e+00
1.108519930320722491e+00 3.371467331295016301e+00
1.111664667711703469e+00 3.406800571602488059e+00
1.114809405102684003e+00 3.442647092575140899e+00
1.117954142493664982e+00 3.479017611561803225e+00
1.121098879884645516e+00 3.515923144869451011e+00
1.124243617275626494e+00 3.553375018286597520e+00
1.127388354666607473e+00 3.591384878054372898e+00
1.130533092057588007e+00 3.629964702307788560e+00
1.133677829448568986e+00 3.669126813010820776e+00
1.136822566839549520e+00 3.708883888410305918e+00
1.139967304230530498e+00 3.749248976035295389e+00
1.143112041621511032e+00 3.790235506269771903e+00
1.146256779012492011e+00 3.831857306528630769e+00
1.149401516403472545e+00 3.874128616068266417e+00
1.152546253794453524e+00 3.917064101465349335e+00
1.155690991185434058e+00 3.960678872799026085e+00
1.158835728576415036e+00 4.004988500574341970e+00
1.161980465967395570e+00 4.050009033426580807e+00
1.165125203358376549e+00 4.095757016649117510e+00
1.168269940749357527e+00 4.142249511589608524e+00
1.171414678140338061e+00 4.189504115962536801e+00
1.174559415531319040e+00 4.237538985128982638e+00
1.177704152922299574e+00 4.286372854397678900e+00
1.180848890313280553e+00 4.336025062405210129e+00
1.183993627704261087e+00 4.386515575636524389e+00
1.187138365095242065e+00 4.437865014151435972e+00
1.190283102486222599e+00 4.490094678586642019e+00
1.193427839877203578e+00 4.543226578507893798e+00
1.196572577268184112e+00 4.597283462191513514e+00
1.199717314659165091e+00 4.652288847920278414e+00
1.202862052050145625e+00 4.708267056884042567e+00
1.206006789441126603e+00 4.765243247782161795e+00
1.209151526832107582e+00 4.823243453231098599e+00
1.212296264223088116e+00 4.882294618088208971e+00
1.215441001614069094e+00 4.942424639810372611e+00
1.218585739005049629e+00 5.003662410974529351e+00
1.221730476396030607e+00 5.066037864096688104e+00
1.224875213787011141e+00 5.129582018895396445e+00
1.228019951177992120e+00 5.194327032156946800e+00
1.231164688568972654e+00 5.260306250370642367e+00
1.234309425959953632e+00 5.327554265315671778e+00
1.237454163350934166e+00 5.396106972794158629e+00
1.240598900741915145e+00 5.466001634720483615e+00
1.243743638132895679e+00 5.537276944792449029e+00
1.246888375523876658e+00 5.609973097988024016e+00
1.250033112914857636e+00 5.684131864149908786e+00
1.253177850305838170e+00 5.759796665941478544e+00
1.256322587696819149e+00 5.837012661480017073e+00
1.259467325087799683e+00 5.915826831977817335e+00
1.262612062478780661e+00 5.996288074749164920e+00
1.265756799869761196e+00 6.078447301970056671e+00
1.268901537260742174e+00 6.162357545610502640e+00
1.272046274651722708e+00 6.248074068993859420e+00
1.275191012042703687e+00 6.335654485477078879e+00
1.278335749433684221e+00 6.425158884787456337e+00
1.281480486824665199e+00 6.516649967598843851e+00
1.284625224215645733e+00 6.610193188980733936e+00
1.287769961606626712e+00 6.705856911410715604e+00
1.290914698997607690e+00 6.803712568102096014e+00
1.294059436388588225e+00 6.903834837467528907e+00
1.297204173779569203e+00 7.006301829614526966e+00
1.300348911170549737e+00 7.111195285852037529e+00
1.303493648561530716e+00 7.218600792279964651e+00
1.306638385952511250e+00 7.328608008634738269e+00
1.309783123343492228e+00 7.441310913678072403e+00
1.312927860734472763e+00 7.556808068540657786e+00
1.316072598125453741e+00 7.675202899572926007e+00
1.319217335516434275e+00 7.796604002409256218e+00
1.322362072907415254e+00 7.921125469125827046e+00
1.325506810298395788e+00 8.048887240564061685e+00
1.328651547689376766e+00 8.180015486108018763e+00
1.331796285080357745e+00 8.314643013443815178e+00
1.334941022471338279e+00 8.452909711099877654e+00
1.338085759862319257e+00 8.594963026868695621e+00
1.341230497253299792e+00 8.740958485550626378e+00
1.344375234644280770e+00 8.891060249843132368e+00
1.347519972035261304e+00 9.045441728628722089e+00
1.350664709426242283e+00 9.204286237402007131e+00
1.353809446817222817e+00 9.367787716124727382e+00
1.356954184208203795e+00 9.536151510421184696e+00
1.360098921599184330e+00 9.709595222730914799e+00
1.363243658990165308e+00 9.888349640839145138e+00
1.366388396381145842e+00 1.007265975211720566e+01
1.369533133772126821e+00 1.026278585284824807e+01
1.372677871163107799e+00 1.045900476320246675e+01
1.375822608554088333e+00 1.066161115979070217e+01
1.378967345945069312e+00 1.087091903928872405e+01
1.382112083336049846e+00 1.108726332842348761e+01
1.385256820727030824e+00 1.131100165768708976e+01
1.388401558118011359e+00 1.154251631853773219e+01
1.391546295508992337e+00 1.178221642662213142e+01
1.394691032899972871e+00 1.203054031677109492e+01
1.397835770290953850e+00 1.228795819926769006e+01
1.400980507681934384e+00 1.255497511125556365e+01
1.404125245072915362e+00 1.283213420226935497e+01
1.407269982463895897e+00 1.312002039886398386e+01
1.410414719854876875e+00 1.341926450037720109e+01
1.413559457245857853e+00 1.373054776618284301e+01
1.416704194636838388e+00 1.405460706464877418e+01
1.419848932027819366e+00 1.439224066571435401e+01
1.422993669418799900e+00 1.474431477294520221e+01
1.426138406809780879e+00 1.511177090759558439e+01
1.429283144200761413e+00 1.549563427721142794e+01
1.432427881591742391e+00 1.589702328540706411e+01
1.435572618982722926e+00 1.631716036858642838e+01
1.438717356373703904e+00 1.675738438076796655e+01
1.441862093764684438e+00 1.721916479082170426e+01
1.445006831155665417e+00 1.770411800929261759e+01
1.448151568546646395e+00 1.821402622704171037e+01
1.451296305937626929e+00 1.875085922840974106e+01
1.454441043328607908e+00 1.931679974165052371e+01
1.457585780719588442e+00 1.991427301443525266e+01
1.460730518110569420e+00 2.054598145944429177e+01
1.463875255501549955e+00 2.121494541388512545e+01
1.467019992892530933e+00 2.192455130983293898e+01
1.470164730283511467e+00 2.267860887650810398e+01
1.473309467674492446e+00 2.348141941396349708e+01
1.476454205065472980e+00 2.433785772150717364e+01
1.479598942456453958e+00 2.525347097683460973e+01
1.482743679847434493e+00 2.623459880354398877e+01
1.485888417238415471e+00 2.728852002032334667e+01
1.489033154629396449e+00 2.842363325533204232e+01
1.492177892020376984e+00 2.964968090803485623e+01
1.495322629411357962e+00 3.097802910149421152e+01
1.498467366802338496e+00 3.242202066569267771e+01
1.501612104193319475e+00 3.399742438903687969e+01
1.504756841584300009e+00 3.572301262742975325e+01
1.507901578975280987e+00 3.762131219606782651e+01
1.511046316366261522e+00 3.971959238495897182e+01
1.514191053757242500e+00 4.205118231295018205e+01
1.517335791148223034e+00 4.465725323022958548e+01
1.520480528539204013e+00 4.758926918427206942e+01
1.523625265930184547e+00 5.091241795215534438e+01
1.526770003321165525e+00 5.471051237244701326e+01
1.529914740712146504e+00 5.909315383026096669e+01
1.533059478103127038e+00 6.420647748484687156e+01
1.536204215494108016e+00 7.024975853040996299e+01
1.539348952885088551e+00 7.750198221341182148e+01
1.542493690276069529e+00 8.636612719475319011e+01
1.545638427667050063e+00 9.744666143357096644e+01
1.548783165058031042e+00 1.116934631143147385e+02
1.551927902449011576e+00 1.306896625008628803e+02
1.555072639839992554e+00 1.572848940156216884e+02
1.558217377230973089e+00 1.971784264372034841e+02
1.561362114621954067e+00 2.636685534935608644e+02
1.564506852012934601e+00 3.966501562343221394e+02
1.567651589403915580e+00 7.955976396376235016e+02
